0
-1
-3
-7
-12
-19
-26
-33
-39
-45
-49
-53
-57
-60
-63
-66
-70
-73
-76
-79
-82
-85
-88
-91
-94
-97
-100
-103
-107
-110
-113
-116
-119
-122
-125
-128
-132
-135
-138
-141
-144
-147
-150
-153
-156
-159
-162
-165
-169
-172
-175
-178
-181
-185
-188
-191
-194
-197
-200
-204
-207
-210
-213
-216
-219
-222
-225
-228
-231
-235
-238
-241
-244
-247
-250
-253
-257
-260
-263
-266
-269
-273
-276
-279
-282
-285
-289
-292
-295
-298
-302
-305
-308
-311
-315
-318
-321
-324
-328
-331
-334
-337
-341
-344
-347
-350
-353
-356
-360
-363
-366
-369
-372
-375
-378
-381
-384
-388
-391
-394
-397
-400
-403
-406
-318
-133
141
494
910
1193
1324
1309
1170
934
719
557
447
382
349
336
327
318
312
308
304
297
292
285
277
271
267
268
272
278
279
284
283
275
264
253
245
233
228
221
219
213
215
221
233
237
243
246
238
229
228
229
227
231
231
225
214
206
192
184
174
168
166
170
168
170
167
160
144
137
134
135
141
157
166
168
167
157
144
136
134
131
138
142
141
137
136
128
123
122
117
113
114
112
112
114
116
112
107
96
85
72
64
61
62
57
49
42
34
24
23
26
22
19
16
11
9
14
13
8
-2
-16
-31
-39
-42
-38
-33
-26
-24
-18
-17
-12
-9
-6
-11
-11
-18
-21
-20
-17
-20
-20
-23
-26
-29
-23
-11
-2
4
7
5
-3
-9
-10
-12
-16
-20
-23
-27
-34
-39
-44
-52
-57
-61
-60
-55
-51
-48
-42
-38
-37
-32
-27
-31
-39
-50
-64
-73
-76
-74
-65
-59
-58
-59
-64
-75
-84
-94
-101
-105
-103
-99
-93
-86
-80
-83
-88
-92
-94
-100
-103
-104
-109
-121
-128
-130
-130
-126
-120
-114
-116
-117
-124
-124
-129
-126
-127
-125
-132
-137
-148
-156
-162
-159
-153
-140
-128
-117
-111
-109
-112
-115
-120
-122
-122
-125
-123
-118
-118
-118
-116
-115
-118
-119
-117
-112
-112
-107
-104
-102
-101
-97
-97
-95
-93
-90
-87
-79
-70
-65
-61
-62
-67
-73
-76
-75
-71
-67
-64
-63
-63
-63
-62
-59
-56
-52
-48
-46
-45
-45
-45
-44
-42
-40
-37
-34
-32
-30
-27
-25
-24
-22
-21
-19
-17
-15
-12
-9
-5
-2
1
3
5
6
7
7
7
7
7
7
7
6
6
6
6
6
7
7
7
7
7
7
7
7
7
7
8
8
8
8
8
7
7
8
8
9
10
11
11
12
13
14
14
14
14
13
12
10
8
7
5
3
1
-1
-3
-5
-7
-7
-9
-11
-12
-13
-14
-15
-15
-16
-17
-19
-19
-20
-21
-21
-20
-19
-17
-13
-9
-5
1
6
11
17
22
28
32
37
41
46
51
54
57
60
63
66
68
72
75
78
81
85
89
91
94
97
100
103
106
110
113
116
119
121
123
125
126
129
130
130
132
132
132
132
131
131
130
129
127
127
127
125
125
125
124
124
125
124
123
123
123
123
123
122
122
122
122
123
123
123
124
125
126
126
127
128
128
128
128
127
127
127
126
124
123
121
121
118
116
114
111
108
106
103
100
98
95
92
90
87
84
82
79
75
72
70
67
65
63
61
60
59
58
56
55
54
53
52
52
51
50
50
49
48
46
45
43
43
42
40
39
38
38
37
36
34
33
31
28
27
24
22
20
18
17
15
15
14
13
12
11
8
5
0
-4
-8
-14
-20
-26
-31
-37
-42
-46
-50
-53
-56
-60
-62
-64
-66
-68
-70
-72
-74
-75
-76
-78
-78
-77
-77
-76
-76
-76
-77
-78
-79
-81
-82
-83
-85
-86
-88
-89
-91
-91
-93
-95
-97
-99
-101
-103
-103
-105
-107
-108
-108
-110
-111
-113
-114
-116
-117
-117
-117
-117
-114
-112
-110
-106
-102
-99
-94
-90
-86
-80
-76
-70
-64
-59
-52
-46
-38
-32
-25
-19
-13
-8
-2
2
8
12
16
20
25
29
34
38
42
45
49
51
54
56
59
61
64
67
70
73
76
79
82
84
86
89
91
94
95
98
100
102
103
105
105
106
106
107
108
107
108
107
106
105
104
102
102
100
100
99
100
100
101
101
102
103
103
104
104
106
106
105
106
105
103
103
102
101
100
99
97
96
93
91
90
88
86
84
82
81
80
78
77
76
74
73
72
70
68
67
65
62
60
57
55
53
50
48
46
43
40
38
34
31
28
24
21
17
13
9
5
0
-6
-11
-16
-21
-26
-30
-34
-37
-40
-42
-43
-44
-45
-44
-44
-44
-45
-45
-45
-46
-47
-48
-48
-50
-52
-53
-55
-55
-58
-60
-61
-64
-66
-69
-72
-74
-77
-78
-78
-79
-78
-78
-76
-76
-75
-74
-74
-73
-72
-72
-71
-70
-70
-70
-69
-70
-70
-71
-73
-75
-77
-79
-80
-82
-84
-85
-86
-86
-86
-86
-85
-83
-82
-81
-80
-80
-81
-82
-84
-85
-86
-87
-88
-88
-87
-86
-85
-83
-81
-78
-76
-72
-69
-65
-61
-57
-53
-50
-47
-44
-41
-38
-36
-32
-28
-24
-19
-13
-8
-3
2
8
13
19
24
29
35
41
47
52
57
62
68
72
76
81
86
90
94
97
99
101
102
103
103
102
102
101
101
99
99
99
98
98
99
99
100
99
100
100
100
100
100
100
100
100
100
99
99
99
98
97
95
93
92
90
89
88
86
84
83
82
81
80
78
77
76
74
73
70
67
64
62
59
57
54
53
51
50
48
47
46
44
43
42
39
38
35
34
32
28
26
22
20
17
14
12
10
8
8
7
5
4
4
2
1
-1
-3
-5
-5
-7
-8
-9
-10
-11
-12
-13
-15
-16
-19
-23
-26
-30
-34
-38
-41
-43
-46
-47
-48
-48
-49
-51
-51
-52
-54
-54
-55
-55
-55
-55
-54
-54
-53
-53
-52
-53
-53
-54
-56
-58
-59
-62
-63
-65
-68
-69
-71
-74
-77
-79
-81
-83
-86
-88
-90
-93
-95
-99
-102
-104
-106
-108
-110
-111
-111
-111
-111
-112
-112
-111
-111
-111
-110
-111
-110
-110
-109
-109
-108
-108
-108
-107
-106
-105
-103
-102
-100
-98
-97
-95
-93
-90
-87
-84
-80
-77
-73
-68
-64
-59
-54
-49
-44
-40
-35
-29
-24
-18
-12
-7
0
6
13
20
28
35
41
48
55
61
67
72
78
82
87
91
95
98
101
104
107
111
114
116
119
122
125
128
130
132
134
135
136
136
136
137
138
139
140
140
141
141
141
141
140
139
138
136
134
131
128
125
121
118
114
111
108
105
103
100
98
95
93
92
90
89
88
87
87
87
87
87
88
88
87
87
86
85
83
81
79
75
72
69
65
62
59
57
53
51
48
46
42
40
37
35
32
30
29
27
26
25
23
21
19
17
15
12
10
6
3
0
-3
-7
-10
-14
-18
-22
-26
-29
-33
-38
-42
-46
-50
-53
-57
-61
-65
-67
-70
-72
-73
-76
-77
-79
-81
-83
-85
-87
-90
-92
-94
-97
-98
-99
-100
-101
-103
-104
-104
-104
-104
-104
-103
-102
-101
-101
-100
-100
-99
-99
-99
-99
-99
-100
-101
-100
-102
-103
-104
-106
-107
-109
-111
-112
-115
-117
-119
-121
-123
-125
-126
-127
-127
-127
-127
-126
-125
-124
-124
-124
-124
-124
-124
-124
-124
-124
-123
-122
-121
-119
-116
-112
-108
-103
-98
-93
-87
-82
-75
-69
-62
-55
-48
-41
-33
-25
-16
-7
1
10
19
27
34
41
48
54
59
64
69
75
79
84
89
94
98
103
108
113
118
123
128
133
137
140
144
147
150
153
155
157
158
158
157
156
154
151
149
146
143
140
136
133
130
127
124
121
118
115
112
109
105
103
100
98
97
95
94
94
93
92
92
91
89
88
86
84
81
79
77
75
74
73
72
71
72
72
73
75
75
75
75
74
71
70
67
64
62
58
56
53
51
49
47
44
41
39
37
34
32
29
25
22
20
17
14
11
9
8
5
3
0
-2
-5
-8
-10
-13
-15
-17
-20
-22
-24
-27
-30
-32
-34
-37
-39
-41
-42
-45
-46
-47
-48
-49
-51
-52
-54
-56
-58
-61
-63
-66
-70
-73
-76
-79
-82
-84
-85
-87
-89
-90
-90
-91
-90
-89
-89
-89
-88
-88
-88
-88
-88
-89
-89
-90
-92
-93
-93
-94
-94
-94
-95
-96
-97
-98
-100
-103
-106
-108
-111
-114
-116
-119
-121
-122
-124
-124
-124
-122
-118
-115
-111
-108
-104
-99
-96
-92
-88
-84
-80
-75
-71
-67
-61
-56
-51
-46
-40
-35
-30
-24
-17
-11
-6
0
6
12
17
22
28
33
38
44
48
53
57
62
66
70
73
76
78
80
81
81
83
83
83
82
82
81
80
80
79
80
79
79
78
78
77
77
77
78
79
80
82
85
89
91
94
96
97
100
101
102
102
103
103
103
103
103
103
102
101
99
97
95
94
91
88
85
81
77
74
70
67
63
60
56
54
52
50
49
48
47
46
46
46
45
45
46
46
47
47
48
49
48
48
47
44
42
39
36
33
29
25
21
17
13
8
6
3
1
0
-1
-2
-3
-3
-5
-7
-8
-10
-12
-14
-15
-18
-21
-23
-26
-29
-33
-37
-40
-44
-46
-50
-51
-53
-56
-57
-59
-60
-61
-62
-62
-61
-60
-60
-58
-56
-54
-53
-50
-47
-45
-43
-43
-43
-43
-44
-46
-49
-52
-54
-57
-61
-65
-70
-75
-80
-86
-92
-98
-103
-109
-113
-116
-120
-123
-125
-126
-128
-128
-128
-129
-130
-130
-131
-131
-132
-132
-132
-132
-132
-133
-133
-133
-133
-133
-133
-132
-129
-126
-123
-118
-113
-108
-101
-95
-89
-83
-78
-72
-66
-60
-56
-50
-45
-40
-33
-27
-21
-15
-9
-2
4
11
17
23
31
38
45
51
58
65
72
77
83
88
93
98
102
106
110
115
119
122
125
129
132
134
137
139
140
142
143
144
144
144
144
143
143
142
140
140
139
137
137
137
136
136
136
135
136
135
135
135
134
134
133
131
131
129
127
124
121
117
113
108
103
97
92
88
83
79
75
72
69
66
65
63
61
60
58
57
56
54
53
52
52
51
51
50
49
48
46
44
41
39
36
32
29
26
23
19
16
12
8
6
2
-1
-3
-5
-7
-8
-9
-10
-11
-12
-12
-13
-14
-15
-15
-16
-18
-18
-20
-22
-24
-27
-30
-34
-37
-41
-44
-47
-50
-52
-54
-56
-58
-61
-63
-65
-68
-72
-75
-80
-84
-87
-91
-94
-97
-101
-104
-107
-110
-112
-115
-117
-119
-122
-124
-127
-129
-132
-134
-136
-138
-140
-140
-141
-141
-142
-143
-142
-143
-144
-145
-146
-146
-147
-148
-150
-150
-151
-153
-154
-154
-155
-155
-155
-155
-154
-153
-151
-149
-147
-144
-141
-137
-135
-132
-130
-127
-125
-122
-118
-115
-112
-109
-105
-100
-94
-89
-83
-77
-70
-62
-54
-46
-37
-28
-17
-8
2
11
19
28
37
46
54
62
70
78
85
93
100
106
112
118
123
128
134
138
142
146
149
151
153
155
155
156
155
155
153
153
151
149
148
147
146
145
146
145
145
145
145
145
145
146
147
146
146
146
145
145
144
143
142
141
140
139
137
135
134
131
127
124
120
115
110
105
101
96
92
89
87
84
83
81
80
80
78
77
76
75
74
73
71
70
68
65
63
61
57
54
51
48
44
41
37
33
30
26
22
18
14
10
6
2
-2
-5
-8
-11
-14
-17
-20
-23
-25
-28
-31
-34
-37
-39
-40
-42
-45
-46
-48
-50
-52
-54
-57
-59
-60
-63
-65
-66
-68
-70
-71
-71
-72
-72
-73
-73
-73
-74
-74
-74
-74
-75
-75
-77
-78
-80
-80
-83
-85
-88
-91
-93
-96
-98
-100
-101
-102
-103
-104
-103
-104
-104
-104
-105
-106
-107
-109
-110
-111
-113
-115
-116
-117
-119
-120
-122
-124
-126
-129
-132
-134
-137
-140
-141
-142
-142
-142
-141
-140
-138
-136
-134
-131
-128
-125
-121
-117
-112
-107
-102
-96
-90
-83
-77
-71
-64
-58
-50
-43
-35
-27
-18
-10
-1
8
17
26
35
45
53
62
70
78
85
92
98
103
109
114
118
123
127
130
133
137
138
139
139
139
139
139
138
136
136
134
132
131
130
128
127
127
127
127
127
126
127
126
125
125
125
124
123
122
122
121
120
120
120
119
119
119
117
116
115
112
109
107
104
100
97
95
92
89
87
84
83
81
80
79
78
77
76
77
76
75
74
71
69
67
65
63
61
58
56
55
52
49
46
43
39
35
30
25
22
17
12
8
3
-1
-5
-10
-15
-19
-24
-28
-31
-35
-39
-42
-46
-49
-52
-56
-59
-62
-65
-66
-68
-70
-71
-72
-72
-73
-73
-73
-73
-73
-74
-74
-74
-74
-75
-75
-76
-76
-76
-77
-77
-78
-79
-79
-80
-81
-83
-84
-85
-87
-88
-90
-92
-92
-93
-94
-95
-95
-96
-98
-98
-100
-103
-104
-106
-109
-110
-112
-114
-115
-117
-118
-119
-120
-120
-121
-120
-121
-121
-122
-123
-123
-124
-124
-125
-124
-125
-124
-123
-122
-120
-118
-117
-114
-112
-109
-106
-102
-97
-92
-87
-80
-73
-66
-57
-50
-41
-34
-26
-18
-11
-3
4
12
20
27
35
42
48
55
60
65
69
72
76
78
81
85
88
91
95
98
101
106
109
113
118
122
126
130
133
136
137
139
140
139
139
138
138
136
135
134
134
133
132
131
130
130
129
127
125
123
121
117
114
111
107
104
100
99
97
95
94
95
94
94
94
95
94
93
91
90
89
86
84
81
77
74
71
68
65
62
59
57
54
51
48
45
42
39
36
33
30
28
26
24
22
22
20
19
18
17
15
15
12
10
7
4
0
-2
-5
-8
-11
-13
-15
-18
-20
-22
-25
-27
-30
-33
-35
-38
-41
-44
-47
-49
-53
-55
-58
-61
-64
-67
-69
-72
-75
-77
-80
-84
-87
-90
-93
-96
-100
-102
-104
-105
-107
-108
-109
-109
-110
-110
-111
-111
-112
-112
-113
-114
-114
-115
-115
-115
-115
-115
-115
-115
-115
-113
-113
-113
-113
-113
-114
-115
-116
-118
-121
-123
-125
-127
-129
-129
-130
-131
-132
-132
-132
-132
-132
-131
-130
-129
-128
-126
-125
-123
-122
-120
-117
-114
-110
-104
-98
-92
-86
-79
-72
-66
-59
-52
-45
-39
-32
-25
-18
-9
-2
6
14
22
31
38
45
53
61
69
76
84
90
97
102
109
114
118
122
127
130
133
135
138
140
141
142
143
143
143
143
141
140
138
135
133
131
130
128
127
126
126
126
127
128
128
129
129
130
130
130
129
127
126
125
123
121
119
117
116
116
115
114
113
112
112
110
107
104
101
98
97
95
93
91
89
88
86
85
83
82
81
80
79
79
78
77
76
76
75
75
73
72
71
68
67
63
61
57
54
49
46
42
38
36
32
29
26
24
22
19
15
11
6
1
-4
-10
-16
-21
-27
-31
-37
-42
-46
-51
-57
-61
-66
-69
-73
-76
-80
-82
-85
-87
-89
-91
-93
-94
-95
-95
-95
-94
-94
-92
-91
-90
-89
-87
-86
-84
-83
-83
-84
-85
-86
-88
-90
-93
-96
-100
-104
-107
-112
-116
-120
-122
-126
-128
-130
-132
-134
-136
-138
-139
-142
-144
-145
-148
-150
-151
-153
-155
-155
-157
-158
-159
-158
-158
-158
-156
-155
-154
-151
-149
-147
-143
-140
-136
-131
-125
-120
-114
-109
-102
-97
-91
-85
-80
-75
-70
-65
-61
-56
-52
-46
-42
-37
-30
-24
-15
-7
3
12
23
32
42
51
62
71
80
90
99
109
117
124
131
136
141
145
148
151
153
154
156
157
158
159
160
162
163
164
164
165
164
164
163
161
158
155
153
150
147
144
140
138
135
132
130
129
128
127
126
125
124
122
121
119
117
115
113
110
109
106
103
101
98
94
92
89
86
84
82
80
79
77
75
73
71
70
68
65
63
61
60
58
56
55
55
52
51
49
48
45
44
42
40
38
36
34
32
30
28
25
22
20
17
13
9
5
2
-3
-8
-12
-16
-20
-25
-29
-33
-37
-42
-45
-49
-53
-56
-60
-63
-67
-72
-74
-77
-80
-82
-84
-85
-86
-87
-88
-89
-89
-89
-89
-88
-87
-86
-85
-85
-85
-83
-83
-84
-84
-85
-87
-89
-91
-94
-97
-99
-103
-107
-110
-114
-118
-122
-124
-127
-130
-131
-133
-135
-136
-138
-139
-140
-141
-142
-143
-144
-145
-146
-146
-147
-147
-148
-150
-150
-151
-151
-151
-150
-149
-148
-145
-143
-139
-136
-132
-128
-124
-119
-113
-108
-102
-96
-90
-82
-75
-66
-59
-50
-41
-33
-25
-16
-9
0
8
15
23
31
39
47
54
63
70
78
86
92
99
105
110
115
119
123
127
130
134
137
140
144
146
147
149
150
150
152
152
152
153
155
156
158
160
161
162
162
162
161
160
157
155
152
148
145
140
136
132
128
125
122
119
116
115
113
111
110
109
109
109
110
110
111
113
113
114
114
112
110
108
104
100
95
90
85
80
75
71
67
62
58
54
50
45
42
38
34
31
27
25
22
21
18
15
13
10
8
6
4
2
0
-3
-6
-9
-12
-16
-18
-21
-24
-27
-30
-32
-35
-36
-39
-41
-44
-46
-48
-50
-53
-54
-57
-59
-60
-63
-64
-66
-68
-70
-73
-74
-76
-77
-79
-81
-82
-83
-83
-84
-85
-85
-86
-88
-89
-91
-92
-95
-97
-100
-102
-104
-107
-110
-113
-116
-119
-122
-125
-127
-129
-130
-130
-131
-132
-132
-133
-133
-135
-138
-140
-142
-145
-147
-148
-150
-153
-154
-157
-160
-162
-164
-166
-168
-168
-168
-168
-167
-166
-165
-163
-161
-157
-153
-149
-142
-136
-129
-121
-114
-106
-98
-90
-82
-75
-66
-58
-49
-41
-32
-23
-15
-6
4
14
23
33
42
52
61
68
75
83
88
93
98
103
107
111
115
120
125
130
135
139
144
150
154
158
161
164
166
167
169
169
168
168
167
166
166
164
163
161
160
159
157
155
154
152
150
149
146
143
140
137
135
132
129
126
123
121
118
115
112
109
107
105
103
101
99
96
95
93
91
89
87
86
85
83
82
81
79
77
75
73
70
67
63
60
57
54
50
48
46
44
43
41
40
40
39
38
38
37
35
33
30
27
24
19
14
9
4
-1
-7
-11
-16
-20
-24
-27
-30
-33
-36
-38
-41
-43
-46
-49
-53
-57
-61
-64
-67
-70
-73
-75
-78
-80
-81
-82
-83
-85
-85
-85
-85
-85
-85
-85
-85
-85
-86
-87
-88
-90
-91
-93
-94
-96
-98
-99
-100
-102
-103
-104
-106
-108
-109
-111
-114
-115
-116
-118
-120
-121
-122
-123
-122
-123
-124
-124
-125
-127
-129
-131
-133
-135
-138
-139
-140
-142
-143
-143
-144
-144
-144
-143
-143
-142
-141
-140
-139
-137
-135
-132
-128
-125
-120
-116
-112
-106
-101
-96
-89
-83
-76
-68
-60
-52
-42
-34
-25
-17
-7
1
9
17
26
34
42
51
60
68
77
86
96
105
114
123
130
137
143
147
151
154
157
159
160
163
163
164
165
164
163
163
161
159
157
155
153
152
150
148
147
147
146
144
144
143
142
141
140
139
137
136
134
132
130
128
125
122
119
116
113
110
108
105
103
100
99
97
96
94
93
92
90
88
86
86
85
84
83
82
82
82
82
82
82
81
80
78
75
72
67
62
57
51
45
39
33
28
22
17
12
8
3
-1
-4
-8
-11
-14
-16
-19
-21
-22
-23
-24
-25
-26
-25
-26
-26
-26
-27
-28
-28
-29
-29
-30
-31
-33
-34
-37
-39
-41
-45
-48
-51
-56
-59
-63
-67
-71
-76
-80
-84
-88
-92
-95
-98
-102
-104
-107
-109
-111
-113
-115
-116
-119
-121
-121
-123
-125
-125
-126
-126
-127
-128
-128
-130
-130
-132
-134
-134
-135
-135
-136
-135
-135
-134
-133
-131
-130
-129
-128
-127
-128
-127
-128
-128
-128
-130
-131
-132
-133
-134
-134
-134
-133
-131
-129
-126
-123
-119
-116
-112
-109
-105
-100
-97
-92
-88
-83
-78
-72
-66
-58
-51
-42
-33
-24
-16
-7
1
9
18
27
36
45
53
63
71
78
86
93
100
105
112
116
120
123
126
128
129
131
131
133
134
137
140
142
146
148
151
153
155
158
160
161
164
165
166
168
168
169
169
168
167
166
163
159
156
152
147
142
136
132
127
123
118
115
111
109
107
104
102
100
99
97
94
91
88
85
82
80
77
74
71
68
65
62
58
55
51
47
43
40
37
33
31
29
28
27
25
24
22
20
18
15
13
11
8
5
2
0
-3
-6
-9
-11
-13
-15
-18
-21
-23
-26
-28
-30
-32
-35
-37
-39
-42
-44
-47
-50
-53
-55
-58
-62
-65
-67
-70
-72
-73
-74
-75
-76
-77
-78
-79
-80
-82
-83
-84
-85
-86
-88
-89
-91
-93
-96
-97
-99
-100
-101
-103
-103
-105
-106
-108
-111
-113
-113
-115
-116
-117
-118
-118
-120
-121
-122
-121
-122
-122
-121
-121
-122
-121
-122
-123
-124
-125
-126
-128
-130
-132
-135
-138
-140
-141
-143
-145
-146
-146
-146
-145
-144
-142
-141
-139
-135
-132
-129
-125
-120
-115
-109
-104
-98
-93
-87
-81
-74
-67
-61
-53
-46
-38
-29
-22
-14
-6
1
10
18
26
34
44
52
61
69
78
87
96
104
112
119
128
135
142
149
155
161
167
171
175
179
181
183
185
185
184
183
181
181
179
177
175
173
171
169
165
163
159
154
149
145
140
136
132
131
128
127
126
125
125
124
124
123
122
122
121
120
118
118
117
116
116
114
113
111
110
109
107
104
101
98
95
91
87
83
79
76
72
69
67
65
62
61
60
58
57
55
54
51
50
47
45
42
39
36
33
29
26
21
17
13
10
5
1
-2
-6
-9
-13
-15
-18
-21
-24
-27
-32
-37
-42
-46
-51
-55
-59
-64
-68
-72
-74
-77
-79
-80
-82
-82
-82
-82
-82
-82
-82
-82
-82
-82
-82
-83
-85
-86
-88
-90
-91
-93
-96
-99
-102
-105
-109
-113
-116
-120
-124
-128
-131
-134
-136
-139
-139
-140
-141
-142
-142
-143
-144
-146
-148
-148
-150
-153
-155
-156
-159
-161
-163
-165
-166
-168
-169
-170
-170
-170
-171
-169
-169
-167
-165
-163
-160
-156
-152
-148
-142
-136
-130
-122
-115
-106
-98
-91
-82
-74
-67
-58
-51
-43
-35
-27
-19
-11
-4
4
12
19
27
35
44
52
60
68
75
83
89
94
100
104
107
111
114
116
119
120
122
124
125
127
129
130
132
135
136
139
142
143
145
146
148
149
149
149
148
149
148
148
147
146
146
145
144
143
142
141
139
137
135
134
133
131
130
130
131
131
132
132
133
133
133
134
133
132
131
130
128
125
122
119
115
112
108
104
101
97
93
91
89
86
83
80
77
73
70
65
62
58
55
51
47
45
41
37
32
29
25
20
16
11
8
4
-1
-5
-9
-12
-16
-18
-21
-25
-28
-31
-34
-38
-42
-46
-50
-55
-59
-63
-67
-71
-73
-76
-77
-78
-79
-80
-80
-80
-81
-82
-83
-84
-86
-89
-92
-95
-99
-102
-105
-107
-110
-112
-113
-114
-115
-115
-116
-117
-118
-119
-120
-120
-120
-121
-122
-122
-123
-124
-124
-125
-126
-125
-124
-124
-122
-122
-121
-121
-120
-120
-121
-121
-122
-123
-125
-125
-127
-128
-128
-129
-130
-130
-131
-132
-131
-132
-132
-132
-130
-129
-126
-123
-118
-114
-108
-103
-96
-90
-83
-76
-68
-61
-54
-46
-40
-32
-26
-19
-13
-6
0
7
13
20
26
33
40
47
55
62
69
76
84
92
98
105
112
117
122
127
131
134
138
140
141
143
144
145
145
146
147
147
147
147
148
148
148
147
147
147
145
143
141
140
137
133
130
126
124
121
117
114
110
106
103
99
96
93
90
88
86
86
85
84
83
82
82
82
83
83
83
83
83
84
84
85
85
86
87
88
88
87
85
84
83
81
79
77
75
72
69
66
62
59
55
51
45
41
35
31
26
22
17
12
8
4
0
-4
-8
-12
-15
-19
-22
-25
-28
-32
-34
-37
-39
-42
-46
-48
-51
-55
-57
-61
-64
-67
-70
-73
-75
-76
-78
-79
-80
-81
-82
-82
-82
-83
-83
-83
-83
-84
-84
-84
-85
-85
-86
-88
-89
-92
-94
-96
-99
-102
-104
-106
-108
-110
-111
-112
-112
-112
-111
-111
-110
-109
-109
-109
-108
-109
-110
-110
-112
-113
-114
-115
-116
-117
-118
-119
-119
-121
-122
-123
-123
-124
-126
-127
-127
-129
-130
-131
-129
-128
-127
-123
-120
-117
-113
-109
-105
-99
-95
-90
-83
-77
-69
-61
-54
-44
-36
-27
-18
-9
0
8
14
21
26
31
35
40
43
46
50
53
56
59
62
66
70
75
81
87
93
100
106
114
120
126
132
137
141
144
147
149
151
152
152
151
150
148
146
143
140
138
136
133
130
127
124
122
119
118
117
116
115
114
113
113
112
111
110
108
106
104
102
99
97
95
92
90
88
86
84
82
80
77
75
72
69
67
64
61
58
55
52
50
47
45
41
39
37
36
34
32
31
31
29
29
28
27
25
24
22
20
18
15
12
9
5
2
-2
-6
-9
-12
-16
-18
-20
-22
-24
-25
-26
-28
-29
-31
-31
-33
-34
-34
-36
-37
-38
-40
-41
-43
-45
-46
-48
-49
-51
-53
-53
-55
-56
-56
-57
-57
-58
-59
-61
-62
-64
-67
-69
-72
-75
-77
-78
-80
-82
-84
-86
-88
-89
-91
-93
-95
-98
-99
-102
-104
-106
-109
-111
-112
-114
-116
-118
-120
-122
-125
-126
-129
-132
-134
-137
-140
-141
-143
-145
-146
-147
-147
-146
-145
-144
-141
-139
-137
-134
-131
-128
-124
-121
-117
-112
-107
-103
-98
-92
-87
-81
-76
-71
-65
-60
-55
-50
-45
-40
-34
-28
-21
-14
-8
-1
5
11
17
22
27
31
35
40
46
52
58
64
71
79
86
93
100
108
114
120
125
131
135
140
143
148
151
153
155
157
158
159
159
158
157
157
155
152
150
149
146
144
142
139
137
135
132
129
127
124
121
117
113
111
108
106
104
104
103
102
102
101
100
100
98
97
96
95
94
92
91
90
88
85
83
81
78
77
76
74
73
73
72
71
71
71
70
70
68
67
66
65
62
60
58
55
53
50
48
45
42
38
35
31
28
23
20
16
12
8
4
0
-4
-7
-10
-13
-16
-18
-20
-22
-25
-26
-29
-31
-33
-34
-36
-37
-37
-38
-39
-40
-42
-43
-44
-47
-49
-51
-53
-55
-57
-60
-62
-64
-66
-68
-70
-73
-76
-78
-81
-82
-85
-87
-88
-91
-94
-96
-99
-103
-105
-109
-112
-115
-119
-122
-126
-127
-130
-131
-133
-135
-135
-136
-136
-136
-136
-134
-134
-133
-134
-135
-135
-137
-139
-140
-142
-144
-144
-145
-145
-144
-144
-143
-141
-140
-140
-138
-138
-137
-136
-133
-132
-129
-125
-121
-115
-110
-103
-95
-88
-79
-71
-63
-54
-47
-39
-32
-24
-18
-12
-5
1
7
14
20
27
33
39
46
52
58
65
71
78
85
92
98
105
110
115
121
126
129
133
135
137
139
139
140
142
142
143
145
146
147
148
150
150
151
152
151
151
150
149
148
146
143
141
138
135
131
128
124
120
117
113
111
108
105
102
100
98
97
94
92
89
86
83
80
77
74
71
68
66
63
61
59
57
55
52
50
48
46
44
43
41
40
40
40
40
41
43
43
44
44
44
42
41
39
36
32
29
24
18
14
8
3
-3
-7
-11
-15
-19
-22
-24
-26
-28
-29
-29
-31
-32
-34
-35
-37
-39
-40
-43
-46
-47
-50
-51
-54
-55
-57
-59
-61
-63
-65
-68
-70
-74
-77
-81
-84
-87
-90
-93
-95
-97
-98
-100
-101
-101
-102
-102
-102
-102
-100
-100
-99
-99
-98
-98
-98
-98
-99
-100
-101
-102
-104
-105
-106
-106
-106
-106
-106
-106
-106
-106
-107
-109
-110
-112
-114
-115
-117
-120
-122
-125
-127
-128
-129
-131
-131
-132
-132
-131
-130
-129
-128
-126
-124
-121
-118
-114
-110
-105
-99
-94
-89
-83
-77
-71
-65
-57
-50
-43
-36
-28
-21
-14
-7
0
7
15
21
28
35
42
49
55
61
67
73
79
85
90
95
102
107
113
119
125
130
137
142
147
151
156
159
162
164
166
167
167
167
166
165
164
162
160
157
155
151
148
145
141
138
134
131
128
126
124
123
122
120
119
117
115
114
112
110
108
106
105
102
100
98
97
96
95
95
95
95
94
95
94
92
91
90
88
86
83
80
77
74
70
67
63
59
56
54
51
49
47
44
43
40
39
36
35
33
30
29
27
25
23
20
16
12
9
5
0
-3
-8
-13
-19
-23
-28
-34
-39
-45
-51
-56
-62
-67
-73
-78
-84
-88
-92
-95
-98
-101
-103
-104
-105
-108
-109
-111
-112
-113
-115
-115
-117
-116
-116
-116
-115
-114
-113
-112
-110
-108
-106
-105
-103
-101
-100
-99
-98
-97
-96
-95
-95
-95
-95
-95
-95
-96
-96
-95
-95
-95
-96
-96
-96
-97
-98
-99
-100
-101
-102
-103
-105
-106
-107
-109
-111
-112
-114
-114
-116
-117
-117
-118
-117
-118
-117
-117
-116
-114
-113
-111
-108
-105
-101
-98
-92
-88
-82
-76
-67
-59
-50
-40
-31
-22
-14
-5
2
9
16
23
28
34
38
44
48
52
56
62
67
71
76
83
88
93
98
102
106
111
114
116
118
120
121
122
123
124
124
125
125
125
125
125
126
126
126
126
126
126
124
123
121
119
117
114
111
109
106
103
101
98
96
94
93
91
90
91
91
91
92
92
93
93
94
94
94
94
93
92
91
89
88
87
85
83
81
78
76
75
73
70
69
67
66
65
64
63
62
61
59
58
56
53
51
49
47
44
42
39
37
36
33
31
28
25
20
15
11
6
1
-3
-8
-11
-15
-17
-21
-23
-26
-28
-30
-32
-34
-35
-37
-38
-39
-40
-41
-42
-43
-44
-46
-47
-48
-50
-51
-52
-54
-55
-57
-58
-60
-63
-64
-66
-68
-69
-71
-73
-76
-78
-80
-82
-83
-85
-86
-86
-87
-88
-88
-89
-90
-90
-91
-91
-91
-91
-91
-90
-90
-90
-90
-90
-92
-94
-96
-98
-101
-104
-107
-110
-113
-116
-119
-122
-125
-128
-130
-132
-133
-135
-136
-137
-137
-138
-138
-139
-139
-139
-140
-140
-139
-137
-135
-131
-126
-122
-117
-111
-106
-100
-94
-87
-81
-74
-67
-59
-52
-45
-38
-31
-24
-17
-11
-3
3
10
16
22
28
34
38
42
46
49
52
54
57
61
65
69
74
78
84
89
94
100
105
110
114
118
121
125
127
130
132
134
135
136
136
136
135
136
135
134
133
133
132
132
133
133
133
132
132
131
128
126
123
120
118
115
113
111
109
108
106
104
102
100
98
96
95
94
94
93
93
93
93
94
94
95
95
94
93
91
90
88
86
84
82
80
78
76
73
71
69
66
62
59
56
51
48
44
39
35
29
25
19
13
8
3
-2
-7
-12
-15
-19
-22
-25
-27
-28
-30
-30
-31
-31
-32
-32
-33
-33
-35
-35
-37
-37
-39
-39
-40
-41
-41
-42
-43
-44
-45
-47
-49
-50
-53
-54
-56
-58
-59
-61
-62
-63
-63
-63
-63
-63
-63
-64
-64
-65
-64
-65
-67
-68
-70
-72
-73
-76
-80
-83
-86
-89
-93
-96
-98
-101
-104
-107
-109
-109
-110
-111
-111
-110
-109
-109
-110
-110
-112
-113
-116
-118
-121
-124
-127
-128
-129
-130
-130
-130
-129
-129
-128
-127
-125
-124
-123
-122
-120
-118
-117
-115
-112
-109
-106
-103
-97
-92
-87
-80
-73
-66
-58
-49
-42
-34
-27
-19
-12
-5
1
8
13
18
23
27
32
36
40
44
49
54
58
64
69
74
80
85
90
97
102
106
110
113
115
116
116
118
118
118
118
119
120
120
121
124
125
126
128
130
130
130
130
129
127
126
124
121
118
115
111
108
105
102
99
96
94
92
89
87
87
85
84
83
82
81
81
80
80
79
79
79
79
80
81
82
85
87
89
91
92
93
94
94
94
93
91
89
87
83
80
77
73
70
65
61
57
53
48
43
38
33
29
23
20
15
12
8
6
3
1
-2
-4
-5
-7
-8
-11
-13
-16
-18
-21
-23
-25
-28
-30
-33
-35
-38
-41
-44
-47
-50
-54
-56
-59
-62
-65
-68
-70
-73
-75
-77
-80
-83
-86
-89
-92
-95
-98
-100
-103
-105
-107
-108
-108
-108
-106
-105
-103
-101
-99
-98
-96
-93
-91
-90
-89
-87
-87
-87
-87
-86
-86
-87
-87
-86
-86
-86
-85
-85
-84
-83
-82
-82
-82
-82
-82
-83
-85
-87
-90
-93
-96
-98
-101
-104
-107
-110
-111
-113
-114
-115
-115
-114
-113
-110
-108
-105
-100
-95
-89
-84
-78
-71
-65
-58
-50
-43
-36
-27
-21
-14
-7
-2
4
9
14
19
23
28
33
37
41
45
50
55
59
62
66
70
73
77
81
84
87
89
92
94
97
99
101
103
104
106
107
107
109
110
111
112
112
112
112
112
111
111
111
110
109
109
108
107
106
105
104
103
101
100
98
96
95
93
92
91
89
88
86
84
82
80
78
77
75
73
71
70
68
67
66
64
63
63
62
62
61
60
59
59
58
58
57
56
55
54
52
49
47
44
42
39
36
32
29
25
22
17
14
11
7
4
1
-1
-3
-4
-5
-5
-5
-5
-6
-6
-7
-7
-9
-10
-12
-14
-17
-19
-22
-25
-28
-31
-34
-37
-40
-42
-43
-45
-46
-46
-47
-46
-45
-44
-42
-41
-40
-39
-38
-37
-37
-38
-39
-41
-42
-45
-47
-51
-54
-58
-62
-66
-70
-74
-78
-82
-86
-89
-91
-94
-96
-97
-98
-98
-98
-97
-97
-96
-95
-95
-95
-95
-95
-96
-97
-99
-100
-102
-103
-104
-105
-105
-106
-107
-107
-107
-108
-108
-108
-107
-107
-105
-104
-103
-101
-99
-98
-96
-95
-94
-93
-92
-90
-89
-87
-85
-83
-81
-79
-77
-74
-71
-68
-65
-61
-56
-51
-44
-38
-31
-23
-16
-9
-2
5
12
19
26
32
38
43
47
51
55
59
63
68
72
76
81
85
89
91
93
95
95
96
97
98
99
102
103
105
107
109
110
111
112
112
111
112
111
109
109
109
108
107
106
105
104
103
101
100
100
99
98
98
98
99
99
99
98
98
97
95
95
93
91
89
87
85
84
82
80
78
75
73
71
68
65
63
62
60
59
58
57
56
56
55
54
53
52
51
50
48
47
45
44
44
44
43
44
45
46
47
48
48
47
45
43
39
35
30
27
23
20
16
14
11
10
7
5
4
2
1
-1
-2
-3
-4
-5
-7
-9
-11
-14
-18
-22
-25
-30
-33
-37
-41
-43
-46
-50
-52
-55
-57
-59
-62
-64
-65
-66
-68
-69
-70
-72
-74
-76
-79
-82
-84
-87
-90
-93
-96
-98
-100
-101
-102
-103
-104
-105
-105
-106
-106
-107
-109
-110
-111
-112
-114
-115
-117
-120
